0 0.887909 0.712121 0.112091 0.080214 技术要求&1.未注倒角C12.热处理:调质HB240-2703发黑 0
0 0.166877 0.472816 0.023929 0.031194 B 0
0 0.495277 0.137255 0.010705 0.023173 6 0
0 0.690176 0.138146 0.010076 0.021390 5 0
0 0.464106 0.108734 0.017632 0.019608 31 0
0 0.821788 0.434938 0.028967 0.039216 1.6 90
0 0.437028 0.726827 0.017632 0.018717 30 0
0 0.447733 0.766043 0.018892 0.020499 45 0
0 0.391688 0.807041 0.017632 0.020499 92 0
0 0.487406 0.726381 0.016373 0.016043 12 0
0 0.878149 0.298574 0.013224 0.028520 4-7 90
0 0.522670 0.706328 0.041562 0.029412 A 0
0 0.708123 0.425579 0.015743 0.016934 20 0
0 0.767947 0.139929 0.015743 0.017825 40 0
0 0.921599 0.071301 0.027078 0.023173 其余 0
0 0.767947 0.426471 0.015743 0.015152 30 0
0 0.374370 0.058824 0.022040 0.016043 107 0
0 0.708123 0.139483 0.015743 0.016934 10 0
0 0.928526 0.220588 0.013224 0.025847 10 90
0 0.928526 0.288324 0.013224 0.022282 30 90
0 0.642003 0.219697 0.013224 0.022282 10 90
0 0.767632 0.109180 0.017632 0.018717 70 0
0 0.642317 0.287879 0.012594 0.023173 30 90
0 0.826511 0.140374 0.014484 0.016934 10 0
0 0.372796 0.352941 0.044081 0.017825 M6V15 0
0 0.379093 0.634135 0.031486 0.040107 1.6 90
0 0.201196 0.566399 0.011965 0.034759 M16 90
0 0.123111 0.563280 0.013224 0.040998 Φ25 90
0 0.519836 0.499109 0.035894 0.044563 1.6 90
0 0.229219 0.509358 0.028967 0.043672 1.6 0
0 0.548804 0.223708 0.044710 0.023173 M8V16 0
0 0.954345 0.057041 0.034635 0.053476 6.3 0
0 0.608627 0.287879 0.015743 0.058824 -0.0550&-0.15 90
0 0.872796 0.220588 0.027708 0.018717 4-C4 0
0 0.893577 0.401070 0.078086 0.035651 0.05 0
0 0.326826 0.685829 0.079345 0.034759 L&0.02&B 0
